version https://git-lfs.github.com/spec/v1
oid sha256:82d007143841428ae3364d00f55bc0ad32bdd6617b399539ca9737ee56e03f44
size 6182
