version https://git-lfs.github.com/spec/v1
oid sha256:46c63ab7c5ca43f0d09c85614c1f2b7156845af4246c161dd3cb6b43bc6bd99c
size 8050
