version https://git-lfs.github.com/spec/v1
oid sha256:5813b13fb740c19d821d4b010ea36776119fd45f7f42966f27b71dc668549296
size 25935
