version https://git-lfs.github.com/spec/v1
oid sha256:2df67aa85f957ee3069c7551e36043123643d4981552bc394a9c3e734358e67f
size 2312
